   2.0000000e+00  -3.0665140e-02  -1.4598162e+00  -3.6829147e-01   1.4384282e+00   1.3534162e+00  -5.6381015e-03  -1.6239925e+00  -7.4438376e-01   2.8704915e-01   6.7487570e-01
   2.0000000e+00  -9.5911290e-01   2.2986517e+00   3.6225261e-01   6.3775336e-02  -9.4657741e-01  -9.4891914e-01   8.5454585e-01  -1.2357377e+00   9.2626804e-01   8.4964938e-01
   2.0000000e+00   1.3354722e+00  -9.3515187e-02  -9.1540531e-02   7.1377063e-01   1.4353371e+00   3.6341724e-01   1.6372497e+00  -6.9655912e-01   5.4853964e-02   1.3140876e+00
   2.0000000e+00  -8.8574822e-01   1.6112448e+00   6.6473315e-01  -8.1715126e-01   2.0587212e+00   1.2185633e-01   4.0379952e-01  -1.0882698e+00  -2.8088805e+00   7.6951129e-01
   2.0000000e+00   3.4755254e-01   3.5266997e-01   1.6328650e+00   9.2200399e-02   5.5474291e-01  -5.5963633e-01  -3.9438578e-01  -8.5219519e-01   7.2985473e-01   2.5540727e-01
   2.0000000e+00  -5.8065141e-01  -7.9332907e-02  -1.5445438e-01  -8.5794547e-01  -7.1214002e-01   6.7150384e-01  -3.0454691e-01   5.7138811e-01   4.5001682e-01   8.5180214e-01
   2.0000000e+00   1.5957200e-01  -8.3194568e-01   1.0694531e+00   1.4154167e+00  -2.2678397e-01  -1.2521501e+00   9.5351860e-01   1.1542093e-01  -1.0185103e+00   1.2466072e+00
   1.0000000e+00  -3.0940685e-01  -3.1635075e-01   1.0043439e+00  -3.6690547e-01  -6.8485018e-01  -2.3965302e-01   7.6129247e-01  -1.8683315e+00  -7.0740822e-01   9.5563141e-01
   1.0000000e+00   4.7121543e-01   5.3918939e-01   1.2492284e+00   4.1277841e-01  -3.5571688e-01  -9.4002023e-01   8.0255231e-01  -1.2645144e+00   2.4076327e-01   1.0406029e+00
   2.0000000e+00  -6.7249907e-01   1.0032107e+00   1.7453539e+00  -1.3773575e+00  -4.0424941e-01   2.8123443e-01   6.2363275e-01   3.2876083e-01  -1.4513048e+00  -1.5591688e+00
   2.0000000e+00   1.0687645e+00  -1.5443592e+00   1.0069278e+00   1.1900646e+00  -1.5294645e+00  -1.7603252e+00  -5.3536231e-01   1.4868908e+00  -4.4216973e-01   2.2636011e+00
   2.0000000e+00  -6.8538413e-01  -1.9800153e+00   1.7247827e+00  -1.0998534e+00  -3.9208212e-02   5.7545754e-01   1.6697742e-01   3.7477118e-01   6.7730299e-01  -7.6435084e-01
   2.0000000e+00  -8.7654242e-01   1.1704205e+00  -9.0039982e-01  -2.0008458e+00   3.6613976e-01   4.5454477e-01   6.0207274e-01  -7.8837372e-01  -2.6002030e+00  -1.4568100e+00
   1.0000000e+00  -3.9035382e-01   5.7195710e-01   1.1932263e+00  -5.0806684e-01  -9.8458495e-01   1.3587665e+00   2.8980903e-01   4.8645895e-01   1.1023741e+00  -4.7309957e-01
   1.0000000e+00  -1.2464406e+00   7.1368859e-01   8.0947672e-02  -1.0449248e+00  -1.6997126e+00   1.4737552e+00   6.3534004e-01  -7.8918042e-01   9.9431271e-02  -9.7282419e-01
   2.0000000e+00   3.1399593e-01   1.9013796e+00   2.1132691e+00   3.2498116e-01   1.6711398e+00   7.7875413e-01  -2.7563806e-01  -1.2013714e+00  -4.5252262e-01   1.9895154e+00
   2.0000000e+00  -6.6576948e-01   5.5446704e-01  -5.5052208e-01  -6.5768279e-01  -1.1129698e+00   3.3250396e-01  -7.5565999e-01  -1.3647791e-01   1.1285498e+00  -6.2470143e-01
   1.0000000e+00  -3.6597972e-01   2.7949236e-01  -1.6630395e+00  -6.6128240e-01   1.1536493e+00  -6.3934620e-01   1.3659185e-01   1.0836819e+00   4.3810978e-01  -1.8707462e-01
   2.0000000e+00   2.3380546e-02   9.7398529e-01  -1.9490516e-01  -6.8279096e-01  -1.4763093e+00   1.6794357e+00  -1.1725199e+00   2.6537782e+00   5.5757401e-03  -6.7772142e-01
   2.0000000e+00   7.4692805e-01   3.7020335e-01   1.4483751e+00   9.3052717e-01   1.4797125e+00   2.8947977e-02   1.1956910e+00   1.0927947e+00   5.8094864e-01   1.3002868e-01
   1.0000000e+00  -2.9482633e-01   1.5167437e-02   1.1945666e+00   2.8947706e-01  -7.1254842e-01   5.3870468e-01   7.5465336e-01  -9.7554123e-01   4.1087498e-01  -1.4458365e+00
   1.0000000e+00  -8.3036194e-01   2.0513718e-01   3.4196070e-01   1.5820185e+00   1.6857889e-01   1.6287091e+00   9.5561451e-01   2.0267947e-02   3.6713148e-01  -1.6587089e+00
   2.0000000e+00   1.2074007e+00   1.0850327e+00   3.8790691e-01  -7.5724091e-01  -1.3687468e-01   6.0018447e-02   2.4989453e-01  -1.6232712e+00  -9.8136128e-01  -6.7883923e-01
   2.0000000e+00  -7.9871975e-02  -2.0830008e+00   1.9036354e-01   4.4101455e-01   3.2206362e-01   1.6487602e+00   1.4200794e+00  -7.6918131e-01  -2.0586124e-01   1.8696663e+00
   2.0000000e+00  -2.9371570e-01  -5.6289853e-01   1.8899483e+00  -1.0147771e+00  -1.1148499e-01  -1.9496715e+00   5.1908088e-01   1.8435862e+00  -2.1056285e+00   3.8862982e-01
   2.0000000e+00  -1.3125931e+00  -6.4623048e-01   9.6144368e-02   4.9732012e-01  -6.9701286e-02   1.3679225e+00  -5.2688418e-02   7.4925784e-01  -1.7336820e-01  -2.2391073e+00
   2.0000000e+00   1.2065397e+00  -5.3504042e-01   2.3929349e-01   4.2532100e-01   1.9191781e-01  -4.4751184e-01   1.3285585e+00  -8.5956442e-01  -7.2314009e-01   4.2839181e-01
   2.0000000e+00  -1.1628504e+00  -8.8899540e-01   1.3050204e+00  -3.6578100e-01  -1.9933675e-01   5.1095202e-02  -1.4237732e-01  -2.4344218e-01   9.4181590e-01   9.6485230e-01
   2.0000000e+00   1.2269011e+00   3.2165693e-01   3.2315646e-01   5.2436515e-01  -8.5565395e-01  -6.5071020e-01  -7.0982227e-01   5.3415122e-01   2.3559190e-01  -3.0359202e-01
   2.0000000e+00   9.2186925e-01   2.3938955e-01   3.1688403e-02  -5.1319305e-02   9.0831767e-01  -5.5322607e-01  -1.5988382e+00  -2.1574550e-01  -1.1041712e+00   2.5912357e-01
   2.0000000e+00  -3.1468151e-01  -1.8991194e+00  -1.4480555e+00   1.4324853e+00  -3.6181291e-01   3.6684921e-01   1.1337911e+00   3.0870184e-01   5.0793932e-01  -2.2003751e-01
   2.0000000e+00  -1.2848527e+00   3.4721301e-01  -9.4606623e-01  -3.7532133e-01  -5.9848200e-01   7.8413023e-01   1.1191062e+00  -1.6568825e+00  -1.4402021e+00   4.0467036e-01
   2.0000000e+00  -1.1359650e+00  -7.0927529e-01  -6.9135112e-01   2.1087049e+00   5.4155079e-01   1.8641767e+00  -1.2903952e+00  -3.3823859e-01   7.7378180e-02   1.0551069e+00
   1.0000000e+00  -1.6150101e+00  -7.5828974e-01   2.1875590e+00  -3.1247233e-01  -8.5448884e-01  -2.4733325e-01   2.3186987e-01   1.4610420e+00  -4.6661333e-01  -9.6325415e-01
   2.0000000e+00   2.5348239e+00  -6.4506892e-01   4.0007919e-01   6.3868271e-01   1.4052849e-01   4.5386956e-01  -5.8693853e-01   1.4736074e-02   5.7955989e-01   2.7791525e-02
   2.0000000e+00   6.1183328e-01   4.2346065e-01  -1.4383250e-01   1.2267889e+00  -8.0217101e-01  -1.8072540e+00  -1.4340245e+00   1.0158169e+00  -9.0880821e-01   2.4001040e-01
   2.0000000e+00  -5.9669097e-01   4.0736158e-01   1.3182934e+00   6.9940936e-02  -1.3740887e+00   3.3855554e+00   1.2774559e+00  -2.0769651e+00   3.9009070e-02   1.6940025e+00
   1.0000000e+00  -3.9941386e-01  -6.0627619e-01  -8.5263878e-01  -3.5617016e-01   6.8254345e-02   1.9948424e+00   2.3028396e-01   1.4658239e+00   3.4822546e-01  -3.1118494e-03
   2.0000000e+00  -3.8362080e-01   1.0960016e+00  -6.8708149e-01  -2.6572903e+00  -5.3293118e-01   5.5378159e-01  -2.5684446e+00  -6.1286669e-01   8.6127607e-01   1.3917637e+00
   1.0000000e+00   2.1451935e-01   1.0769542e-01   2.9052438e-01  -1.2749755e+00   3.8515351e-02   1.1636294e+00   9.8381497e-01   4.6711370e-01  -7.7494062e-01  -5.0553196e-02
   1.0000000e+00   5.0358483e-01   1.3521690e-01  -3.2130463e-01   3.9678540e-01   1.6491236e+00  -1.2628234e+00   4.3073436e-01   1.0977276e+00  -9.4893731e-01  -5.7607467e-02
   2.0000000e+00   3.0627780e-01  -1.2326733e+00  -1.3137396e+00   9.0264120e-01   1.5363877e+00   6.2642563e-01   1.2156827e-01  -7.2374028e-02  -3.2312168e-01  -1.4033694e-01
   2.0000000e+00  -4.7236144e-01  -4.7076769e-01   1.1705349e+00   5.1392340e-01   4.8169380e-01   1.2446898e+00   1.2869816e+00  -4.6287388e-01  -6.2290098e-01   9.9580658e-01
   2.0000000e+00  -1.1739212e-01   4.2672247e-01  -1.3422352e-01  -7.9621259e-01   1.0938920e-01   1.2232954e+00  -6.4051142e-02   6.4509253e-01  -9.1017507e-01  -9.3736180e-01
   1.0000000e+00  -1.5158570e+00  -6.3686989e-01  -4.2687927e-01   6.3221622e-01   1.3556694e+00   5.0415187e-01   3.4123623e-01   2.9818514e-01  -7.5858674e-01  -1.2112671e+00
   2.0000000e+00  -1.0290596e+00  -3.5425122e-01   1.3144924e-02   6.7650728e-01  -1.1494822e+00  -7.5725079e-02  -3.6316097e-01  -2.9601366e-01  -1.9068413e-01  -4.5212362e-01
   2.0000000e+00   1.4763949e-01  -2.1811140e+00   1.8461795e+00  -4.4644299e-01  -5.3455270e-01  -3.7726976e-02   7.8977744e-01   1.1648855e+00   2.3149253e-01  -5.8291803e-01
   2.0000000e+00   9.8729728e-01   3.3502622e-02   8.8886230e-01   1.2476463e+00  -1.0652657e+00   2.3509236e-01  -3.8856094e-01   1.4517187e+00  -9.8786310e-01  -6.3081362e-01
   2.0000000e+00  -1.8623394e+00  -6.2551232e-01  -8.0736291e-02   3.4209792e-01   5.9743174e-01  -3.7408548e-01   1.1304864e+00  -4.1589739e-01  -2.3293150e-01  -1.1127424e+00
   2.0000000e+00  -6.8619120e-01   8.6310334e-01   6.7220224e-01  -9.7795234e-01  -1.8627784e+00  -1.7410957e+00  -1.1758791e+00   9.9128644e-02   8.3938929e-01   7.7067347e-01
   2.0000000e+00  -1.6893137e-01   9.6950871e-02  -2.2431128e+00  -2.0978185e-01   2.4331244e-01   6.6698507e-01   1.2991320e+00   3.9663605e-01   7.2656974e-01  -6.6374809e-01
   1.0000000e+00   2.9101255e-01   3.3451286e-02   1.1339327e-01   2.1289840e-01  -9.7968795e-01   1.4300524e+00   9.4543438e-02   1.0511269e+00   1.2683843e+00  -6.8426564e-02
   2.0000000e+00   9.3853903e-01   1.4529881e+00  -4.1581660e-01  -7.0418768e-01  -1.0744228e+00  -9.3721026e-01  -1.2462875e+00  -8.4458494e-01   1.2512118e-02   1.7733717e-01
   2.0000000e+00  -8.6770338e-02   1.2251181e+00  -4.5160190e-01   5.9734999e-01  -1.0148278e+00  -7.8515911e-01  -1.1554504e+00  -5.8446864e-01  -5.7650243e-01  -1.8254886e+00
   2.0000000e+00   3.6417207e-01  -3.5556768e-02  -8.3421195e-02   1.1439514e+00   1.0133486e+00  -5.7968477e-01   2.2518624e+00  -6.2928274e-01  -7.7241240e-01  -6.1607258e-01
   2.0000000e+00  -1.0775219e+00   1.7914506e+00   1.1664142e+00   9.1174369e-01  -6.2838106e-01  -1.0911809e+00   4.6653836e-01   5.2478355e-01  -2.0557232e-01   5.0767130e-01
   2.0000000e+00  -3.0090818e-01  -4.9020556e-01  -2.1100335e+00   1.2086520e+00   4.0160431e-01   7.7252013e-01  -1.4780619e+00  -7.3408461e-02   1.7957472e+00  -1.1860695e+00
   2.0000000e+00  -4.0944893e-01  -1.8500701e+00  -4.1144671e-01   1.4129459e+00  -3.1062535e-01  -4.9700648e-01  -4.8702921e-01  -8.6953569e-01  -1.1511121e+00   7.9725525e-01
   2.0000000e+00  -1.4529066e+00   7.4327514e-01  -7.7459989e-02  -1.2793840e+00  -1.4942171e+00  -9.0753883e-02  -1.4598568e-01  -6.8224117e-01   1.8489324e+00   1.8539591e+00
   1.0000000e+00  -3.0376401e-01   2.8448886e-01   4.1186735e-01  -1.0755809e+00  -5.0564974e-01   1.3076199e+00   6.6137814e-01  -3.5204858e-01   1.8279059e-01   1.5297828e+00
   2.0000000e+00  -1.3709885e+00   3.3537180e-02   9.1355389e-01   2.6189932e+00   7.2005470e-02  -7.6196848e-02  -1.1346936e+00  -4.1338345e-01   4.5640016e-01   1.9954018e-01
   2.0000000e+00   4.5002762e-01  -2.0096664e-01   1.0739811e-01   5.4653252e-01   1.4176509e+00  -1.9638612e+00  -1.3148135e+00   4.6983694e-01  -6.7622901e-01   1.7806845e+00
   2.0000000e+00  -4.9538064e-01  -1.4953171e+00  -1.1693416e+00  -3.9163136e-01   6.2010484e-01   1.2344059e+00  -1.3188050e+00  -9.4561815e-01   2.6566502e-01   8.0991001e-01
   2.0000000e+00   1.2257387e+00  -1.1050016e-01   7.2007735e-01   5.9453738e-01   4.6415693e-01   6.1959774e-03   1.5345498e+00  -1.3978793e-01   1.3119061e+00  -2.5380613e-01
   2.0000000e+00  -4.4285844e-01   1.0591226e+00   1.1762261e+00   5.1247520e-01   1.1167355e-01  -1.9459693e-01  -1.8486447e+00  -7.0512736e-02  -1.2719194e-01   4.8780850e-01
   2.0000000e+00  -2.0993240e+00  -7.5931148e-01   4.2746467e-01  -9.1951531e-01   4.2195024e-03   1.7430726e+00  -4.8805011e-01  -3.1289887e-01  -7.6964277e-01  -8.3550586e-01
   2.0000000e+00  -7.9216087e-01   1.5728873e+00   1.4375808e+00   1.2393329e-01  -3.7092620e-01   2.2228869e+00   1.1463601e+00  -7.1992388e-01  -2.2161372e+00  -2.7667209e+00
   2.0000000e+00  -2.0292239e+00   1.0066383e+00   5.8810379e-01  -2.2342747e-01   2.0324900e-01  -1.2350149e+00   3.8994587e-01  -1.7454885e+00   1.6625489e+00  -7.0914751e-01
   1.0000000e+00   1.0087352e+00   1.7204368e-01   1.3434258e-01   1.1192936e+00  -5.1840104e-01   4.5054438e-01   6.0639037e-01   2.0302911e+00   5.9211253e-02  -2.7480455e-01
   1.0000000e+00  -9.3500190e-01  -3.1879942e-01  -1.0749596e-01  -1.1069026e+00   5.3046563e-01  -6.5113781e-01   7.6301173e-01   3.7950568e-01   1.7489845e+00  -8.6943732e-01
   1.0000000e+00  -9.4878693e-01   2.2572784e-01   1.0983174e-01   1.6201406e+00  -7.0059864e-01  -8.4363013e-01   8.6722788e-01  -1.2579336e-01  -4.9114303e-01   8.0233887e-01
   2.0000000e+00   7.6718005e-01  -1.6376514e+00   3.1055983e-01   8.0576612e-01  -8.0725930e-01   1.0262624e+00   2.7447223e-03  -1.5660283e+00  -1.1235445e+00  -1.3492622e+00
   2.0000000e+00  -6.7415459e-01   1.5937939e+00   4.2326841e-02   1.8253530e+00   8.3219216e-01  -1.1717455e+00  -1.0732289e+00   3.8888503e-01   4.5688903e-01   4.5512054e-01
   2.0000000e+00  -5.2148170e-01  -7.1011655e-01  -1.0908495e+00   2.1094147e+00  -6.2633510e-01  -1.7077392e+00   9.6943101e-01  -3.4746898e+00  -1.5569312e+00   4.5390410e-01
   2.0000000e+00  -4.1782959e-01  -7.8843128e-02   1.2148681e+00  -3.4062481e-01   1.5208740e-02  -2.6315419e-02   2.0578684e+00   5.6476303e-01  -9.6761381e-01   1.6564977e+00
   1.0000000e+00   4.7054962e-01   4.8876436e-01   1.4296064e-01   5.9634889e-01  -8.1384259e-01  -2.6112189e+00   2.3453043e-01   1.0607181e+00  -8.0492081e-01   1.1553174e+00
   2.0000000e+00  -4.3689827e-01  -2.5145425e-01  -5.6556586e-02  -3.6940650e-02   1.7424258e+00   3.5227296e-01   1.3900456e+00  -1.3346029e+00  -1.7983718e+00   1.3631775e+00
   1.0000000e+00   1.6858638e+00  -8.3254636e-01   6.8651889e-01  -1.5224921e+00  -7.5951248e-01   3.4721148e-01   1.3319751e-01  -2.1320531e+00   1.3849359e-02   6.3063808e-02
   2.0000000e+00  -1.0872641e+00   1.0969483e-01   2.0020326e-01  -6.6142938e-01  -1.3943640e+00   1.8581433e-01  -1.9078055e+00   1.6825140e+00   1.7577261e+00  -1.4352758e-01
   1.0000000e+00  -1.3931734e-01  -4.6903085e-01  -5.9565490e-01   1.3337483e+00  -6.6760473e-01  -6.1203086e-01   7.3835086e-01   3.5101388e-01  -9.0831929e-02  -2.8360658e-01
   2.0000000e+00   3.6903806e-01  -8.5560679e-01   8.9806537e-01  -1.3223863e+00  -1.0475675e+00  -6.2467730e-01  -2.2629252e+00   4.1509474e-01   1.6383320e+00   3.3524144e-01
   1.0000000e+00  -5.5152388e-01   7.7895257e-01   3.2156986e-01   1.2374651e+00  -1.0466827e+00  -5.0555965e-02   5.6816129e-01  -4.7689650e-01  -7.2540790e-02  -8.9521597e-01
   2.0000000e+00   7.3335521e-01  -4.3069996e-01  -1.0727379e-01  -8.7701204e-01   8.1331498e-01  -4.8122281e-01  -2.5627064e+00  -3.9359039e-01   1.1274191e+00   9.6850820e-01
   2.0000000e+00   1.8220040e+00   8.3188599e-01   5.3321652e-01  -1.2084068e-02   6.7036067e-01  -5.0142753e-01  -7.9366032e-02  -1.0687128e+00  -1.0315878e+00   7.7051070e-01
   1.0000000e+00  -1.1940327e+00  -1.7080628e-01   1.2416252e+00  -7.2907788e-02  -8.8474795e-01   5.6864233e-01   7.2133892e-01  -1.6527447e+00  -1.1344762e+00  -8.7924823e-01
   1.0000000e+00   1.2078850e+00   5.1922393e-01   1.1096645e-01  -1.1353400e+00   5.0932796e-01  -1.5489474e+00   8.0015632e-01   9.5562353e-01   1.1553034e+00  -2.2297242e-01
   2.0000000e+00   1.1790278e+00   5.1327551e-01   7.9041297e-01   8.4864200e-01  -8.0830009e-01   8.0979209e-01   2.3716656e+00   2.0644729e+00   4.6388895e-01   1.7863520e+00
   2.0000000e+00   8.4051698e-01  -7.7805464e-03   5.6518716e-01   1.0314455e+00  -1.1214661e+00   1.4962965e-02   1.3904730e+00   8.9271313e-01   8.2656572e-01   5.3294331e-01
   2.0000000e+00  -8.2250826e-01   3.5986728e+00   4.3240450e-01  -1.1925833e+00   7.5888866e-01  -5.8906935e-01  -1.5473666e-01   5.5447041e-01   3.5747956e-01  -1.2823296e+00
   2.0000000e+00   1.8959909e+00   1.7568815e+00  -1.8543669e+00  -2.1899817e-01   1.1839244e+00  -7.4105405e-01  -5.7696200e-01  -1.2011119e+00  -2.1329310e-01  -6.3501614e-01
   2.0000000e+00   1.8177458e+00   1.8740245e+00   4.0974307e-01   1.1509893e+00   6.2647667e-01   2.6435802e+00  -1.0481188e+00   6.1133239e-01  -1.8781059e-03   4.0919831e-01
   1.0000000e+00   1.2740318e+00  -1.4706483e-01  -1.4371232e+00   4.9436801e-01  -1.1703332e+00   1.4374713e-01   6.7209287e-01  -2.3808395e+00  -2.4589091e-02  -8.9745238e-03
   2.0000000e+00  -4.4931372e-02   2.8174125e+00  -3.1615022e-01   4.1771543e-01  -2.1678432e+00  -1.3954938e+00  -1.0643752e+00  -5.2818892e-01   1.0902754e+00  -8.9226440e-01
   2.0000000e+00  -9.3379102e-01  -4.5631387e-01   7.5106341e-01   1.9411016e-01   9.6206216e-01   1.6651462e+00  -5.1769137e-01  -1.0768685e+00  -9.1939773e-01  -5.3199826e-01
   2.0000000e+00   5.8472163e-01   7.6552404e-01   9.9854438e-03  -1.8581361e+00   3.6914905e-01  -2.3497080e+00  -7.2414150e-01  -9.9056472e-01   4.0109638e-01  -6.2785164e-03
   2.0000000e+00  -1.7537601e+00   2.0261086e+00   5.5603088e-01  -2.3873419e+00  -4.3739123e-01   5.8585510e-01  -5.6247355e-01   1.4354156e+00  -1.1863384e+00  -8.1033871e-01
   1.0000000e+00  -1.0923732e+00  -3.0979560e-01  -3.6995154e-01   4.9530589e-01   5.8524426e-01   1.4873613e+00   3.0559733e-01  -1.7370824e+00   1.3248923e+00   1.2294890e+00
   2.0000000e+00  -2.1389924e+00   6.9364687e-01   2.6178175e+00   2.7721727e-01  -8.8747672e-01  -6.8908352e-01  -2.3564308e-01   1.9026397e-01   9.7573999e-01  -1.3012589e+00
   2.0000000e+00   2.6253351e-01  -1.9190211e-01   6.3675448e-01   1.5462975e+00   4.2862529e-01  -1.7191118e+00  -9.3251072e-01   1.3406924e-01   7.1030943e-01   2.4713350e-01
   1.0000000e+00   6.4095756e-01   4.8714442e-01  -8.2170359e-01   5.8532596e-01   5.8894235e-05   3.2601483e-01   2.2039830e-01   7.0450310e-01  -6.5387083e-01  -1.4562349e+00
   1.0000000e+00  -4.8065714e-01  -3.4410019e-01  -2.1646326e+00   1.0206057e+00   2.3127034e-01  -6.7945324e-01   6.5480484e-01  -6.9670268e-02   4.2972795e-01  -1.2184810e+00
   2.0000000e+00   7.9047581e-01   7.0734007e-01  -3.8201942e-01  -2.1190639e+00   8.9707627e-01   3.7830252e-01  -5.1393034e-01   1.1297969e+00  -5.0998667e-01  -5.1500677e-01
   2.0000000e+00   2.3682862e-01   1.7879312e+00  -1.9154393e+00  -1.3610705e+00   1.3138019e-01  -2.3677416e+00  -4.2043775e-01   8.3086210e-01  -1.8826062e-01   2.4662974e-01
   2.0000000e+00   3.2993971e-02  -1.4301593e+00   1.4082322e+00  -6.8052956e-01   1.2796258e+00   2.9879066e-02   9.0559063e-01  -5.2795491e-01   3.3862118e-01   3.1739759e-01
   2.0000000e+00   4.6003219e-01  -8.9908425e-01   1.9589556e+00  -5.5431028e-01   3.9302247e-01  -3.7654225e-02  -1.2866367e+00   4.3415636e-02  -6.0156419e-01   3.6282066e-01
   2.0000000e+00  -1.9504897e-01  -2.9597485e-01  -1.1048862e-01  -2.4823359e+00  -2.0285573e+00  -6.4450986e-01  -3.5386213e-01  -1.8448585e-01   6.9638293e-01  -5.2303220e-02
   2.0000000e+00   9.8935732e-01   1.1833533e+00   1.5910071e+00  -5.8971088e-01  -2.5895819e-01   1.0942482e+00  -1.4348094e-01  -1.9757111e+00  -9.3623491e-01   1.2154760e+00
   2.0000000e+00  -6.1979877e-01   7.4936871e-01  -3.9382599e-01  -1.9208826e-01   4.3100662e-01   3.3105199e-01  -4.1033768e-02   2.9139021e-01  -4.0530619e-01   6.8146628e-01
   2.0000000e+00   2.6169182e-01  -9.3549306e-01  -6.0107508e-01   1.2707601e+00   1.5748286e+00  -1.5248768e-01   1.9527886e-01   7.6768976e-02  -2.7581292e+00   1.1186446e+00
   2.0000000e+00   9.3494177e-01   6.1843752e-01  -1.9783223e-02  -1.0136101e+00  -6.8805383e-01   2.7353608e-01   1.3073028e+00   1.6719352e+00  -1.4569555e+00   1.6895691e+00
   2.0000000e+00   1.0030613e-01   2.3061340e+00   1.4417503e+00  -6.7942730e-01   8.4091406e-01   5.7623444e-01   4.0573447e-01  -1.0526474e+00   4.9545458e-01   1.1878104e+00
   2.0000000e+00   2.3231282e+00  -2.8411527e-01  -7.0676950e-01  -2.9434420e-02  -1.5089922e+00  -1.5826809e+00  -5.1454074e-01   6.5626586e-01   2.0725458e+00   9.9467571e-01
   2.0000000e+00   8.4836293e-01  -1.5379398e+00   2.6295551e+00   5.2760814e-02  -2.0897590e-01   1.0805711e+00   1.2837100e+00   1.5315147e-01  -1.3388726e+00  -2.7628098e-01
   2.0000000e+00  -1.1421961e+00  -1.8215565e-01  -1.0686872e+00   9.9736476e-01  -2.4162729e-01   1.0973244e-01  -1.7705651e-01   3.5749263e-01  -1.2298337e+00   1.4980481e-01
   2.0000000e+00   1.8764585e+00  -1.0968160e+00  -8.4673696e-01  -5.3249937e-02  -1.5847977e-01   7.7635494e-02  -8.7162258e-01  -7.1928680e-01   2.0546705e+00  -1.4636853e-01
   2.0000000e+00   5.5188831e-02  -9.5499111e-01   1.7552308e+00  -2.1999284e-01  -1.0607647e-01  -9.0076439e-01  -1.5886660e-01   1.1018065e-02  -5.9174666e-01   1.3380958e+00
   2.0000000e+00   6.2077182e-01  -9.5366268e-01  -2.4718715e-02  -7.7471180e-01   1.7348871e-02  -2.5391657e+00   3.3573755e-01  -7.1914334e-01  -6.9630298e-01  -6.0835351e-01
   2.0000000e+00  -1.4405826e+00   9.2305705e-01   9.0306409e-01  -6.1966860e-02   8.8593290e-01   5.5992419e-02   6.6064019e-01  -1.1407997e-01  -4.9204366e-01   3.5034267e-01
   2.0000000e+00  -1.4508357e+00  -5.6445588e-01  -6.9651246e-01   2.9773510e+00  -1.9804495e+00  -1.1455649e-01  -7.9533039e-02   9.5112921e-02   1.2258926e+00   4.5684689e-01
   2.0000000e+00  -9.3067999e-01   1.6224331e+00   3.6915781e-01   2.5631268e-01  -1.3226443e+00   1.2489140e-01  -1.4403431e+00   1.2126344e+00   9.6129066e-02  -2.7045122e-01
   2.0000000e+00  -6.6569979e-02   1.2578462e+00  -3.0608028e-01  -1.4051646e+00   6.6861781e-01  -2.4012527e+00   1.7695441e-01  -1.5763325e+00   8.9787429e-01   2.0614864e-01
   2.0000000e+00   3.9379159e-02   1.8472123e+00  -2.5429526e-01   8.0560523e-01  -5.4162686e-01  -1.0139764e-01   2.1806995e-01   3.7361486e-01   9.6903140e-02  -1.9189044e-01
   2.0000000e+00   1.5826884e+00   4.6244029e-01   2.4429378e-01   1.2983362e+00  -1.5267566e+00  -3.4527304e-01   1.9191275e+00   1.6342180e+00   1.2714196e+00  -1.5002633e+00
   1.0000000e+00  -5.6468580e-01  -1.2278052e-01  -2.4990715e-02   1.7084784e-01   1.1262413e+00  -2.0269790e+00   1.4460418e-02  -3.0818039e-01  -7.2861621e-01  -4.4348623e-01
   2.0000000e+00  -1.1488237e+00   5.7779628e-01   4.5057272e-01  -2.4497199e-01  -8.0364789e-01   2.5627958e+00   1.3072980e+00   1.2930966e+00   1.0142575e+00  -4.4258396e-01
   2.0000000e+00  -1.4815646e-01   3.7575273e-01   1.8289980e+00   5.3637771e-01  -1.5745698e+00  -2.8568063e-01  -7.7010088e-01   1.7722673e+00   6.1940974e-01  -2.5978583e+00
   2.0000000e+00  -1.9077097e-01  -5.3235217e-01  -1.2861889e-01   1.2858641e+00   2.8348747e-01  -8.6851107e-01  -4.2221581e-01  -2.8820697e-01   1.8776427e-01  -2.4439564e-01
   2.0000000e+00   4.0364579e-01  -9.5585342e-01   2.4010858e-01   2.2047253e+00  -1.5807739e+00  -5.6052568e-01  -1.1409545e+00  -4.7995830e-02  -3.9284399e-01   5.2859076e-01
   2.0000000e+00  -3.1237847e-01   1.4983575e-01   6.0512108e-01  -3.1855585e-03  -9.3712972e-01   7.3159943e-01   1.4023610e+00   1.3342042e-01   1.1342850e+00  -6.9097708e-02
   1.0000000e+00  -7.3508785e-01  -7.5719665e-01  -7.1915083e-01   6.1720949e-01   1.0318347e+00  -1.4350509e+00   1.7849689e-01   4.5722704e-01  -1.0349920e-01   8.0011260e-01
   2.0000000e+00  -5.7063317e-01  -2.0598541e-01   1.3798541e+00   4.2944375e-01  -3.8822198e-01   5.6763674e-01   1.8109048e+00  -9.0297172e-03   1.0570532e+00   7.0288338e-01
   2.0000000e+00   8.0971730e-02  -2.5148354e+00  -1.3537068e+00  -1.4795067e-01  -1.1942055e+00   2.7828623e-01  -2.1576684e+00  -8.1137824e-02   2.3799039e+00  -3.1234117e-01
   1.0000000e+00  -1.5043982e+00   7.2917322e-01  -3.6064995e-01   1.1410573e+00   1.7778514e-01   1.4638606e+00   1.1071333e-01   5.4008154e-01  -1.1736501e-01  -1.6955352e+00
   1.0000000e+00  -4.1481063e-01   6.1824057e-01   1.5229409e+00   7.1731151e-01  -5.7540985e-02   1.3553721e+00   2.5422328e-01  -1.2476859e-01  -9.8668891e-01  -1.7492301e+00
   2.0000000e+00   3.6015473e-01   4.2840525e-01   7.5648021e-01   1.4762597e+00   9.5564590e-01  -1.7181968e+00   9.3934969e-01  -9.5830085e-01  -2.1751720e-01   1.5728518e-01
   2.0000000e+00   2.6525622e-01   5.0004360e-01  -7.7401231e-01  -1.8556826e-01   1.0861726e+00  -1.0462978e+00  -1.3329168e+00   1.7228571e-01   1.6340473e-01  -1.4839582e+00
   1.0000000e+00   6.0549425e-01   7.1609134e-01  -2.7927403e-01  -9.6685992e-01  -1.0296602e+00   3.6581978e-01   1.2936210e-01  -6.9766450e-01  -3.0540741e-01   4.2572028e-01
   2.0000000e+00  -1.1200874e+00  -1.4947084e+00  -3.8149314e-02  -7.5725422e-01  -2.1059887e-01   6.2865606e-01  -2.7036883e-01   2.4797079e-01   1.9679835e+00  -1.7033920e+00
   1.0000000e+00  -2.9600600e-01  -4.5867009e-01  -1.2558714e+00   8.2648721e-01  -6.4309893e-01  -1.9082421e+00   7.6838337e-01   1.6235192e+00   2.5455486e-01   1.7741119e-01
   2.0000000e+00  -6.6922334e-01  -6.1623675e-01   9.4108405e-01  -1.2625031e+00   1.2196187e+00   1.9968290e-02  -1.0434285e+00   5.2392470e-01  -2.9777991e-01   1.6332696e+00
   2.0000000e+00   2.5567454e-01   6.8161329e-01   1.1129610e+00   2.1447856e-02  -1.5162965e-01  -3.8763382e-01  -9.9486486e-01   1.2122240e+00  -1.9176724e+00   1.1739146e+00
   2.0000000e+00   6.3985118e-01   1.6013136e+00   3.7171663e-01   1.5589216e-01  -9.9325271e-02  -6.5464975e-01  -1.3756137e+00  -1.6879749e+00  -1.4924917e+00  -9.8349899e-01
   2.0000000e+00   9.8280829e-01  -5.8546307e-01  -2.5898566e-01   6.1241846e-01   1.1037510e+00   5.2971861e-01  -1.2188045e+00  -1.3274285e+00   9.3482170e-01  -6.7046914e-01
   1.0000000e+00  -4.9833712e-02  -5.9037410e-01  -1.9238593e-01   1.6464552e+00  -8.7417633e-01   1.1590002e+00   1.3066781e-01   8.4789562e-01  -3.1501291e-01   9.8948449e-01
   2.0000000e+00  -6.4896405e-01  -1.1121710e+00   9.2060700e-01   1.7048336e-01  -8.2207485e-01  -5.8310172e-01  -1.5064444e+00   2.8634310e-01   2.7852874e-01   1.8409309e+00
   2.0000000e+00   4.1026352e-02  -1.9560142e+00  -2.0983918e-01  -5.2435005e-02  -3.0811875e-01  -4.4030182e-01  -1.2294116e+00   8.9353999e-01   1.5902401e+00  -4.6169314e-01
   2.0000000e+00   9.7027441e-01  -7.9189610e-01  -1.8085125e-01  -1.6836926e+00   3.2497743e-01   2.5884934e-01   6.2862517e-01  -5.5046408e-01   2.3786333e-01  -1.2274375e+00
   2.0000000e+00  -1.2257472e+00  -1.0229932e+00  -7.2348632e-01   7.1320198e-01   3.4770440e-01  -2.8796252e-01  -1.2291686e+00  -1.2049949e+00  -1.4532960e-01  -5.6608843e-01
   2.0000000e+00   1.1523427e+00  -5.4045288e-01  -1.6755000e+00  -8.5375626e-01  -8.7468046e-01   1.7158353e+00  -2.4929412e-01   6.1602217e-01   6.7686586e-02   5.2584564e-01
   2.0000000e+00   9.3809205e-03  -1.1333006e+00   7.9356856e-01   6.6385067e-01   6.1925226e-01   1.1539114e-01  -1.2094918e-01   5.9173579e-01   8.9724478e-01  -1.9519160e+00
   2.0000000e+00  -7.1523240e-01   6.2595708e-01   2.1532254e+00   1.5154625e-01  -8.3356603e-01   1.8053718e-01  -3.6686129e-01  -3.6465670e-01   6.7399395e-01   1.3232822e+00
   2.0000000e+00  -8.7846177e-01   1.0429191e+00   1.1788393e+00  -9.3398225e-04  -7.6209220e-01   2.6283525e-01  -7.1932578e-02  -1.2398283e+00  -1.6598414e+00   1.5840878e+00
   2.0000000e+00   5.4566122e-01  -2.4656956e-01   2.3311211e+00   8.2788207e-01   4.3838030e-01  -1.7571950e+00  -4.6798577e-01  -5.7782816e-01  -5.1836632e-01   2.9365931e-01
   2.0000000e+00   6.9835967e-01   4.3127368e-01  -1.0728236e+00  -4.1704986e-01   2.6066127e+00   1.3664671e+00  -1.1403116e+00  -1.0227919e+00   1.3190595e+00   9.3055654e-01
   2.0000000e+00   5.1664611e-01   4.4298700e-03   2.0248898e+00  -3.2562856e-01  -2.2732695e+00  -5.7247985e-01  -1.4323703e-01   1.0123654e-01  -5.8969738e-01  -9.2269724e-01
   2.0000000e+00   1.8850122e+00  -1.3831660e+00  -2.8622552e-01  -2.1631777e-01  -1.0354548e+00  -1.9111932e-01  -1.0196309e+00   1.8214542e+00  -1.4207351e-01  -1.3072129e+00
   2.0000000e+00   2.5319452e+00   4.4885383e-01  -1.3760150e+00  -1.1714179e+00  -1.7715124e+00  -6.0724149e-01  -2.0889177e+00  -1.8590653e-01   2.9344148e-01   3.9306956e-01
   2.0000000e+00   4.2870988e-01  -7.2614590e-01   2.0889593e-01  -5.6834883e-01  -1.3284266e+00   3.5578387e-01  -1.5461851e+00   1.0065928e+00  -6.9927607e-01  -1.6490822e+00
   2.0000000e+00   7.0025227e-01   1.9208327e+00   6.7966944e-02   8.9934457e-01   2.0702336e+00  -1.4587474e+00   1.0256895e+00   9.0365166e-01  -4.5504772e-01   2.3165734e+00
   2.0000000e+00  -1.7927302e+00   1.4318609e+00  -3.7927519e-01  -7.5023937e-02  -1.2231252e+00   6.5341895e-01  -3.7867925e-01   1.1583322e-01   1.6067510e+00  -2.4134748e-01
   2.0000000e+00   9.3134294e-01  -3.9144067e-01  -3.9280574e-01  -4.7399658e-02  -6.3617702e-01  -2.6399873e-01  -5.6262311e-02   2.6479074e-02  -1.8641338e+00  -8.6261343e-01
   1.0000000e+00  -1.5270776e+00  -4.0333859e-01   1.0377629e+00   1.9011182e+00  -1.1425556e+00  -1.4243274e+00   8.3233486e-01   1.6246746e+00  -2.4704766e-01   3.6963614e-02
   2.0000000e+00   1.1611880e+00  -5.3278942e-01   3.7910696e-01  -2.3461142e-01  -5.3426071e-01  -4.2701128e-01  -1.0684818e-01  -7.3097031e-02   1.6291402e+00   7.5938791e-01
   2.0000000e+00   5.6818848e-01   7.2384560e-02   6.9834101e-02   7.1985890e-01   1.0857493e+00   6.8889480e-01   1.4528314e+00  -7.6008285e-01   2.1993648e+00   9.2960044e-01
   2.0000000e+00  -2.1105918e-01   5.1666514e-01   2.5682715e-01   1.3646344e+00   7.7582083e-01   5.7793506e-02   2.7787519e+00   4.1178739e-02   1.4931893e-01  -1.0582694e+00
   2.0000000e+00  -2.2182129e+00   1.4589947e+00   5.0580947e-01  -2.6477224e-01  -2.0593931e+00  -4.5241779e-01  -9.9963651e-01  -7.4602616e-01  -7.3707290e-01  -6.9912527e-01
   2.0000000e+00   1.6613916e+00   9.1739668e-01   7.8578897e-01   2.9517972e-01   1.4220892e-02   1.6266219e+00  -7.1794748e-01   3.0089036e-01  -6.0876719e-01  -4.5542223e-01
   2.0000000e+00  -5.7580046e-01   1.8205189e+00   1.7079742e+00   2.8735737e-01  -2.5963307e-01   4.3912010e-01   1.9393233e+00   3.3893734e-01   3.3637413e-01  -1.0471823e+00
   2.0000000e+00  -6.5111404e-01   9.7553369e-01  -6.1067294e-01   3.8848187e-01   2.1259912e+00   9.3783905e-01   7.0938669e-01  -6.7389800e-03   3.5561211e-01  -8.4309332e-01
   2.0000000e+00  -3.3974055e-01   7.6851377e-02   7.7010102e-01  -4.8359200e-02   3.1607071e-01  -1.7194457e+00  -6.5437041e-01  -1.4854949e+00  -6.9347136e-01  -4.2847912e-01
   2.0000000e+00   1.5427690e+00  -1.3645088e+00  -6.9027431e-01   8.5559675e-01   1.3941382e-01  -5.7141073e-01   2.1536072e-01  -2.0953289e-01   9.3572101e-02  -2.2664514e+00
   2.0000000e+00   1.9075211e+00   8.4206318e-01   4.8127750e-01  -3.3414724e-01   3.7872819e-01  -7.8850062e-01  -5.5192210e-01  -1.3096269e+00  -5.1426819e-01  -1.1575398e+00
   2.0000000e+00  -2.5214694e+00  -2.0324827e+00  -2.6329390e-01  -5.8015792e-01  -3.8859443e-01   6.0219525e-01  -4.7919657e-01  -1.9740574e-01  -8.1642960e-01  -4.7057090e-01
   2.0000000e+00   3.0229086e-01  -1.2057084e+00  -3.8239110e-01   8.5779384e-01  -1.2339765e+00   4.5473525e-01   1.8451578e-01   7.4718648e-02   2.4742928e-01   1.0870628e+00
   2.0000000e+00  -4.2674391e-01  -1.0946841e+00   3.9058662e-02   4.8174404e-01   2.0314756e+00  -1.2143807e+00  -3.8215498e-02  -1.3534106e-01   1.9648393e+00  -4.0787110e-01
   2.0000000e+00  -9.7880846e-01  -4.4232985e-01  -1.8309939e-02  -1.0985980e+00  -1.8754495e-01   2.3203002e-01  -6.9826613e-01  -9.6044310e-01   6.7249540e-01  -7.4885054e-01
   2.0000000e+00  -1.0541564e+00   9.5591274e-01   4.0680728e-01  -8.3590042e-01   1.4812246e+00  -1.2840798e+00  -2.4833050e+00   1.3079976e+00  -1.0165965e-01  -4.6930808e-01
   1.0000000e+00   1.2831495e+00  -2.2325338e-02  -3.8280335e-01  -1.0760903e+00  -9.8292273e-01   7.3348217e-02   1.2130620e-01  -1.3515232e+00  -1.9616294e-01   6.0677824e-01
   2.0000000e+00  -9.8961561e-01   1.1564031e+00   2.8925624e-01   1.4027700e-01   3.5410847e-01  -9.6029295e-01  -6.5292391e-01   1.1191888e+00   5.9196339e-02   8.0152924e-02
   1.0000000e+00   3.3291816e-02  -3.8823302e-01   1.5691633e+00  -1.0790576e+00  -3.7259966e-01   2.5173736e-01   1.1299955e-01  -1.1224231e+00  -1.1062020e+00   1.0420499e+00
   2.0000000e+00   1.3432335e+00   1.9233184e-01  -1.5143724e-01  -2.3859643e+00  -4.1404782e-01  -1.4359664e+00  -1.1963086e+00  -3.1786843e-01  -6.7534908e-01  -6.6845516e-01
   1.0000000e+00  -1.8064148e-01   3.8053805e-01   4.8643909e-01  -1.8234232e+00  -9.0523311e-01  -1.0889124e+00   4.5826934e-02   2.8658251e-01  -3.4607816e-01   1.1363401e+00
   2.0000000e+00  -9.3928759e-01   1.2432782e+00   5.2042232e-01   1.8449235e-01  -1.4215694e+00   2.0168851e+00  -6.5617156e-01  -1.8521804e+00  -4.5762057e-01  -1.3097864e+00
   2.0000000e+00   1.3312688e-02  -1.4714073e+00   1.8818226e-01  -6.5556725e-01  -5.1067178e-01   2.3506616e-01   6.0014267e-01  -1.1896876e+00   3.5932562e-01   4.8502304e-01
   1.0000000e+00  -4.1881557e-01  -5.0445171e-01  -1.1677140e+00  -5.7577604e-01   5.8013680e-01   6.2298140e-01   7.2588892e-01   1.5256452e+00  -1.6553270e+00   6.8343651e-01
   2.0000000e+00  -5.2659874e-01  -7.2238057e-01   8.1888232e-01  -1.4248645e+00   7.2446064e-01  -6.7659105e-01  -5.6952539e-02   5.2741310e-01   6.3838873e-01  -6.9487447e-02
   2.0000000e+00   9.6105480e-01  -9.7065374e-01   4.9194197e-01   2.4932297e-01   1.9380906e+00  -2.1489547e+00   1.3941240e+00   5.8175536e-01  -8.1544160e-01  -7.4445981e-02
   2.0000000e+00   1.1224417e+00  -9.1376468e-01   1.6363757e+00   3.3737301e-01   2.7112713e+00  -7.0586768e-01   1.3146036e+00  -4.3184988e-01   1.4632994e+00  -1.4030498e+00
   2.0000000e+00   9.3367502e-01   4.0269435e-01   1.7395979e-01   4.4389250e-01  -1.0223593e+00  -8.8222192e-01   1.6837386e+00   6.8083052e-01   5.8137202e-01   5.0594963e-01
   1.0000000e+00  -3.2423899e-03   2.6409771e-01  -2.8238580e-01  -1.6227173e+00  -1.1948245e+00  -1.0137987e+00   7.3514681e-01   2.0774020e-01   1.8866822e-02   1.4277953e+00
   2.0000000e+00   7.4444191e-01   1.3466446e+00  -1.1817094e+00   7.1392508e-01   7.6327947e-01   2.6913093e-01  -1.5813303e-01  -5.7083530e-01  -1.5793077e+00   2.4230492e-01
   2.0000000e+00   2.8048225e+00  -1.7899697e+00  -1.2893566e+00  -1.2049115e+00   1.0614792e+00   1.4332631e+00   2.9616269e-01  -7.3109220e-01   1.0422390e+00  -5.0572800e-01
   2.0000000e+00  -5.7183018e-02   4.1786589e-01   2.2977580e+00  -6.3591702e-02   1.4142380e+00  -1.4580526e+00   1.2876928e+00   4.3045170e-01  -3.7804875e-01  -2.3876373e-02
   2.0000000e+00   5.1352739e-01  -5.0177528e-01  -6.7682003e-01  -1.5767259e+00   1.8417390e+00  -1.1630150e-01  -6.5781104e-01  -7.8936790e-01   5.1501445e-01   1.6845933e-01
   2.0000000e+00   7.8305264e-01   1.6968570e+00   1.0594694e+00  -1.6456187e+00  -5.0795693e-01  -1.5135801e+00   6.0641302e-01  -8.3638362e-01  -6.2148747e-01  -1.9661577e-01
   2.0000000e+00  -6.5074978e-01  -9.4147131e-03   7.9256276e-01  -9.4366739e-01  -3.1788762e-01  -2.3208425e+00  -1.3018832e-01  -2.5113429e+00   1.5489764e+00   4.9801200e-01
   2.0000000e+00  -5.0923229e-01  -5.0277988e-01   4.5733619e-01   2.2883972e-02   4.1073798e-01   1.1425562e+00  -1.4349686e+00   3.5990743e-01   2.7382813e-01  -8.1906547e-01
   2.0000000e+00  -1.1230423e+00  -2.1423228e+00  -6.8873795e-01  -3.5056781e-01   1.7733879e-01  -2.5340832e-01   3.2275724e-01   8.2503072e-01  -2.3191348e-01  -2.5162742e+00
   2.0000000e+00  -2.7081952e-02   1.0202946e+00  -7.9779217e-01   6.2375013e-01  -3.7644479e-01   4.0405173e-01   1.0062814e+00  -2.4255825e-01  -5.9454129e-02  -8.0264586e-01
   1.0000000e+00  -1.2835470e+00   4.1624427e-02  -6.1101673e-01  -1.1288544e+00  -8.4907124e-02   1.0259290e+00   5.6920990e-01  -4.0686847e-01   6.4730035e-02  -2.3311698e-01
