   2.0000000e+00   2.5910544e-01   2.2724398e+00  -5.8177925e-01  -1.5779346e+00  -1.6615634e+00   1.2269925e+00  -8.5884969e-01   2.2021124e-01  -3.4685578e-02   1.6053451e+00
   2.0000000e+00  -8.5556774e-01  -2.3711140e-01  -1.3636358e+00  -1.8378256e+00  -5.9549561e-01   2.8591038e-02  -2.2641285e-01  -5.7274649e-01  -9.8135624e-01  -1.3680714e+00
   2.0000000e+00  -7.8891145e-01  -3.8508214e-02  -6.9347753e-01  -6.0896386e-01  -1.0088307e+00  -9.3641259e-01   1.2959079e+00   1.8374677e+00   2.8562303e-01   1.0335788e+00
   2.0000000e+00  -1.1146320e-01  -1.4179377e+00   8.8546177e-01  -3.7410206e-01  -1.0769061e+00   4.2652061e-01   2.1996698e-01  -1.6866059e+00  -1.4425619e+00   1.7642280e+00
   1.0000000e+00  -1.9274027e-01   1.7665183e-01   1.0041915e-01  -1.3767586e-01   5.0846603e-01   2.8274077e+00  -5.8073088e-01  -9.9035960e-01   4.0137401e-01  -8.5413147e-01
   2.0000000e+00  -2.1831472e+00   1.2603949e-01   1.7221240e-01  -3.5482458e-01   6.1539835e-01  -3.9823611e-01   1.1079455e+00   4.3412273e-01  -5.4561636e-01   1.2556072e+00
   2.0000000e+00  -1.5935309e-01  -6.0509416e-01  -9.6503763e-02  -1.4400982e+00  -4.7546173e-01   3.4948345e-03  -6.8991840e-01  -8.9174589e-01  -1.4465753e-02  -1.0837568e+00
   2.0000000e+00   1.1313439e+00  -7.0323420e-01  -1.0648231e+00   9.7377484e-01  -2.5605201e+00  -1.7059777e+00  -9.9682362e-01   5.7838203e-01   1.3540269e+00  -2.4553758e-01
   2.0000000e+00   1.2915400e-01   1.4358926e+00  -1.2892878e+00   2.8490276e-01  -6.8911961e-01  -3.8346454e-01  -8.9064016e-01  -1.7196553e+00   3.3933166e-01   8.5558388e-01
   1.0000000e+00   4.9653899e-01   1.9549258e-01  -1.8839051e-01   5.4462793e-01  -2.1602896e-01   9.3166569e-01   4.8551483e-01   5.2484575e-01  -3.9921354e-01   1.9499706e-01
   1.0000000e+00   1.9261925e+00   2.2427389e-01   9.5924246e-02  -6.5628393e-01   6.9897647e-01   9.7503966e-01  -7.1058881e-01   1.9492981e-01   8.0795054e-01  -6.1207390e-01
   2.0000000e+00   7.5314518e-01  -5.5697742e-01  -6.3300666e-01  -1.3004002e-01  -5.8862682e-02  -8.8256953e-01  -1.4315044e+00  -4.0148066e-01  -8.0601908e-01   3.0442653e-01
   2.0000000e+00  -5.4780659e-01  -2.2683503e-01   1.4812350e-01  -5.3020615e-01  -1.2763959e+00  -1.7088595e+00  -6.4761897e-01   1.4097104e+00   1.1894450e+00  -6.5187107e-01
   2.0000000e+00  -6.0216804e-01   8.4796797e-01  -9.1650127e-01  -2.4868664e+00  -7.5338633e-02   1.6876514e+00  -3.6239066e-01  -1.3612265e+00   9.8376908e-01  -1.1126498e+00
   2.0000000e+00  -6.6683509e-01  -9.5733368e-01  -1.7823628e+00  -1.5536038e+00   1.4851175e+00  -4.7695118e-01  -1.4894495e+00   2.3941802e-01  -1.5952273e+00  -1.2759048e-01
   2.0000000e+00   1.1607819e-01  -2.0646412e+00   8.2113509e-02  -5.7349073e-01  -3.0748921e-01   4.1556506e-01  -1.5560554e+00   4.6645727e-01  -7.8345853e-01  -5.4950908e-02
   2.0000000e+00   1.2503826e+00   1.1584653e-01   1.7697221e+00  -1.0166233e-01  -4.1938239e-01  -8.1781046e-02  -8.9750123e-02   9.8849157e-01   2.5081296e-01  -1.0176901e+00
   1.0000000e+00   1.5259473e-01   4.7385058e-01  -9.6605033e-02   1.8627254e+00  -1.0343052e+00  -5.6402720e-01  -4.1135784e-01   3.1478684e-01  -1.6024283e+00  -4.2040390e-01
   2.0000000e+00  -1.0948849e+00  -1.2031620e+00  -9.4221360e-01   7.4126001e-01  -6.5450322e-01  -7.0571876e-01  -2.7283410e-01  -1.1041897e+00   5.4924798e-02  -2.3974816e-01
   2.0000000e+00  -4.5143154e-01   2.0870748e+00  -3.6239235e-02  -1.3157805e+00  -2.4363023e-01  -7.7385140e-01  -1.9314484e-01   1.8171451e+00  -1.0931909e+00   1.0790369e+00
   2.0000000e+00  -5.3230759e-01   1.4774708e+00  -2.3216909e-01   1.7514780e-01   1.5426778e+00   1.1734007e-01  -2.1715426e-01  -9.1801558e-01  -8.2415845e-01   3.6102709e-01
   2.0000000e+00   1.0030518e+00   9.7775519e-02   6.4532051e-01  -2.0096985e-01   1.0531117e+00  -2.2310896e-01   2.6846083e+00  -3.5823018e-02   1.1004947e+00  -1.0749571e+00
   2.0000000e+00   3.7788226e-01  -3.0314800e-01   9.6164424e-01   9.7462210e-01   4.9455334e-01   7.8129026e-01   1.5336531e-02  -2.6494908e-01  -1.2761955e+00   3.7615026e-01
   2.0000000e+00  -2.8280721e-01  -5.7775694e-01  -9.5303620e-01  -1.2628194e+00   7.0411112e-01   5.0264302e-01  -5.6794570e-01  -8.9810197e-01   2.0211381e-01   7.4831775e-01
   2.0000000e+00   1.3214741e+00  -2.6035196e-01  -1.6516566e+00   1.7946001e+00  -1.7546477e-01   5.3873939e-01  -1.4049507e+00   9.4815334e-01  -2.8631744e-02  -1.4659485e-01
   1.0000000e+00  -4.8987467e-01   9.1881530e-02  -1.5746222e+00   8.4443623e-01  -9.7491300e-01  -6.2054453e-01  -6.5576462e-01   2.9630508e+00  -5.0818426e-01  -4.0968240e-01
   1.0000000e+00  -5.2760002e-01   5.1020910e-02  -1.7490130e+00   3.3208627e-01   8.2537146e-01   2.9500191e-01   5.0977810e-01  -1.3683643e+00   2.0360341e-02  -8.1850136e-01
   2.0000000e+00  -5.7691831e-01   3.6703399e-01  -9.8400917e-01  -1.6483977e+00  -8.8158224e-01  -5.6352603e-01   3.0383140e-01  -2.5429254e+00   1.1873831e-01   1.4075656e+00
   2.0000000e+00  -8.3984779e-01   7.1398064e-01   1.3518921e+00   1.1212705e+00   7.8679272e-02   5.5925732e-01   7.2556834e-01  -1.3094006e-01  -5.4491395e-01  -2.0863143e+00
   2.0000000e+00   7.0806132e-01  -1.4468044e+00   8.7525237e-01  -5.0746264e-01  -3.0956045e-01   1.8714492e-01   1.4575938e+00  -2.0713439e+00  -2.4678749e-01   5.1299045e-01
   2.0000000e+00   6.1062825e-01   3.2060804e+00  -1.1601231e-01  -8.3106363e-01  -5.8829095e-01  -6.6303222e-01  -1.7996051e+00  -8.1857782e-01   8.4679506e-01   1.0607531e-01
   2.0000000e+00   1.8232090e-02   6.7128704e-01   1.1797455e+00  -1.4622096e+00   4.1641589e-01  -5.7286312e-01  -1.3231380e+00  -1.4585622e-01   1.0638709e+00   2.2038280e+00
   1.0000000e+00  -1.4085760e+00   9.1864034e-02   4.8036749e-01   4.6288665e-01   5.7000744e-01   2.1270452e-01  -1.2616114e+00   4.5781146e-01  -3.5284507e-01   1.6888274e-01
   2.0000000e+00  -7.1270867e-01  -1.5515935e+00  -6.7455214e-02   7.7773018e-01  -1.2556802e-01   2.3866169e-01  -5.5069873e-01  -2.2772025e-02   2.2406251e-01  -1.3368796e+00
   2.0000000e+00   1.5969368e+00   9.7736609e-01   4.2075454e-01   4.6925644e-01   1.1039012e-01   2.7431042e-01   8.3450068e-01  -1.0501839e+00   3.2039060e-01   6.6459632e-01
   2.0000000e+00  -7.1596687e-01  -4.4049702e-02   1.8190972e+00   5.6261060e-01  -2.3855404e-01  -7.1438842e-02  -2.9029528e-01   1.3011106e+00   5.0983293e-02  -5.2331894e-01
   2.0000000e+00  -1.8001575e+00   4.2524399e-01   8.9998004e-01  -1.1600694e+00   3.2883236e-01   2.1460159e-01   1.6385900e+00  -5.7414467e-01  -2.0590111e+00  -9.5437159e-01
   2.0000000e+00  -4.9403225e-01  -1.1046219e+00   5.3293727e-01  -5.7784065e-01   2.1990377e+00   1.3488887e+00   1.3201999e+00  -2.1582347e+00  -2.4107827e-01  -7.8143642e-01
   1.0000000e+00  -2.3912467e+00   4.6338958e-01  -3.0410393e-01  -1.0902292e+00   3.6184227e-02   7.5968185e-01   2.5191855e-01  -1.1558034e+00   7.4935272e-01   4.7850473e-01
   2.0000000e+00   2.3027267e-02   2.3149117e+00  -6.7374046e-01   7.1428069e-01   4.4332953e-01  -1.5139987e+00  -8.8934399e-01  -1.9956474e+00   6.8660683e-01  -2.1534549e+00
   2.0000000e+00  -9.1091418e-01   1.1109361e+00   1.8579631e-01   2.5217637e-01   4.3133183e-01   3.1096998e-01   9.3246262e-02   4.3797718e-01  -6.6690050e-01  -7.0042244e-02
   2.0000000e+00  -6.3289692e-01  -8.1082752e-02   4.5734859e-01   2.0083385e-01  -7.5139484e-01   2.0315003e-01   9.4615223e-02   1.1897604e+00   1.7048546e+00  -4.2425754e-02
   1.0000000e+00  -2.1311501e+00   8.9979163e-01  -5.4199403e-01   1.9191085e-01   4.4696322e-01   2.9879365e-01  -1.2559282e-01  -8.0083386e-01   7.8435897e-01   2.1316778e-01
   2.0000000e+00  -8.6176920e-01  -1.4723571e-01  -1.3319872e-01   1.4104561e+00   6.8236596e-01  -5.2388045e-01  -1.0095143e+00   1.2848530e+00  -1.0905363e+00   5.8951291e-01
   2.0000000e+00  -5.9502226e-01  -7.9340089e-01   1.8711950e-01   1.2853092e+00   1.5936662e+00  -2.4351771e-01   8.9277401e-01   1.5131559e+00   5.0509801e-01   1.6700543e+00
   2.0000000e+00  -2.9028157e-01  -2.6719084e-01  -4.3694408e-01   8.8879857e-02  -2.0286164e+00  -4.4200551e-01   1.0053518e+00  -6.0184008e-01  -4.3338146e-01   3.3420939e-01
   1.0000000e+00   6.6685163e-01   9.9979555e-03   8.6086758e-01   1.3477630e+00   1.8202660e-01   3.7730757e-01   6.6516371e-01  -4.4299318e-01  -1.2363234e-01   8.9528480e-01
   1.0000000e+00   5.6548479e-01   3.8017780e-01   1.0604121e+00  -2.7614882e-01  -2.4093783e-01   1.5916171e-02  -5.3385878e-01   1.1832135e+00   4.7148843e-01  -4.7430976e-01
   2.0000000e+00   1.5635344e+00  -3.2253668e-01  -4.9315098e-01   5.1639801e-02  -1.3172255e+00  -2.1676841e-01   1.6240801e+00   6.0782850e-01   2.3019138e-02  -5.9470888e-02
   2.0000000e+00  -5.8289675e-01   1.1285641e+00   1.1569060e+00   1.1172577e+00  -3.2781844e-01  -3.3026474e-01   2.2133920e-01   1.0607675e+00  -9.0426148e-01  -5.8130161e-01
   2.0000000e+00   5.2535586e-01  -6.3844135e-03   2.5266110e-01  -2.6047445e+00   7.2086889e-02  -1.0105872e+00  -8.2606658e-01  -1.5152074e+00  -4.4721397e-01   5.8542347e-01
   2.0000000e+00  -1.1913923e+00  -3.7477952e-01   5.5721429e-01  -5.2664896e-01   1.4832079e-01   1.0788512e+00   4.4117365e-01  -1.1430524e-01  -8.8766441e-01  -2.4118601e+00
   2.0000000e+00   1.2240140e+00  -5.9966670e-01   1.4682008e+00   1.7420709e+00  -5.6551066e-01   7.1875708e-01  -4.6833167e-02   1.0957292e+00  -1.5732752e-01   6.5418993e-01
   2.0000000e+00  -2.4184264e+00   1.0298687e+00   3.4790791e-01   4.6185540e-01  -4.2822091e-01  -8.1641346e-02   6.9841360e-01  -7.1266926e-01   6.0866902e-01  -7.4772877e-01
   2.0000000e+00   9.3250602e-01  -9.1348763e-01   2.0384677e-01   4.1562470e-01  -6.8726346e-01   1.0737487e+00   2.7296060e-01   2.3834510e+00   6.6553638e-01  -8.9679474e-01
   2.0000000e+00   2.6211390e-01   1.0339031e+00  -4.5300599e-01  -1.1099807e+00  -1.5170257e-01   1.2528891e+00  -6.5336372e-02  -1.5619796e+00  -1.3750530e+00  -1.5406956e+00
   2.0000000e+00   8.2484446e-01  -2.5095544e-01  -1.0527225e-01   4.4969906e-01   3.4777190e-01  -1.0561217e+00   3.6267228e-01  -2.1062436e+00  -7.7142632e-01  -4.2711010e-01
   2.0000000e+00   6.5209495e-01  -1.7575523e-01  -6.9742191e-01  -1.1680013e+00   7.9398866e-01   5.5389963e-01  -3.0951009e-01  -1.4594353e-01  -6.7745594e-01   1.3592086e+00
   1.0000000e+00  -2.7070031e-01   1.3603101e-02   1.2700888e+00  -6.6254707e-04   1.5524573e+00   1.1547349e+00   1.6429293e+00   1.6706282e+00   1.2278489e-01   7.6350059e-01
   2.0000000e+00   5.0928636e-01  -5.4421259e-01  -1.4478612e+00  -2.3330046e-02   1.0874526e+00  -2.2186081e-02  -1.5682613e-02   1.7724217e+00   9.3460595e-01  -1.1102343e+00
   2.0000000e+00  -2.5113776e-01  -1.4081507e-01   5.1645880e-01  -1.1340868e+00   3.4991289e-01  -9.9698061e-01   5.4440018e-01  -1.7134539e+00  -1.1814448e+00   4.1676711e-01
   1.0000000e+00   6.1533650e-01   8.4157379e-01   1.3461125e+00   1.5082626e+00  -1.3404989e-01   5.4978192e-01   3.0204255e+00   2.0703916e-01   1.0829776e+00   1.2218097e-01
   1.0000000e+00   1.4233044e+00   4.9759782e-01   4.5959827e-02  -1.6235609e+00   6.2022990e-01  -4.6318962e-01  -5.9649151e-01  -5.5351329e-01  -4.3226997e-01  -3.1023864e-01
   2.0000000e+00  -1.1004216e-01   3.4880867e-01   6.2258377e-01   5.5698199e-02  -2.7081979e-01   9.0461913e-01   1.6257202e-01   1.9623424e-01  -2.3885298e-01   1.1594870e+00
   2.0000000e+00   8.5902305e-01   2.8371906e-01   3.1401012e+00   3.4717299e-01  -4.6049908e-02  -1.6634040e+00  -2.8627793e+00  -1.6676183e+00   1.4768460e+00  -2.0954368e+00
   2.0000000e+00  -6.2416129e-01  -1.4438761e+00  -3.8504301e-01  -6.0644674e-01  -1.7872235e+00   1.0636305e-01   5.7323152e-01  -1.0138120e+00   7.0462756e-01   3.0019307e-01
   2.0000000e+00   4.8404615e-01  -2.0891834e+00  -7.8715810e-02   1.4485116e+00  -1.0797825e+00  -1.2985253e+00   2.3695849e-02   4.0534685e-01   7.9665462e-01   8.5820303e-01
   1.0000000e+00  -6.6956020e-01   5.3043694e-01  -1.2691564e+00   3.5606763e-01  -4.1672961e-01  -2.1432563e-01  -5.5401923e-03  -8.1965806e-02  -1.7649643e-01  -4.6596536e-02
   2.0000000e+00   8.2658397e-01  -2.1716240e-01  -2.0829112e+00  -1.9232811e+00   6.7138971e-01  -1.1478749e+00  -6.6195851e-01  -1.3985101e-01  -9.6792957e-01   2.1823997e-01
   2.0000000e+00  -5.8736987e-01  -1.7015984e+00   1.2729132e-01   3.8810722e-01   2.0019320e+00   6.5702014e-01  -2.2347046e+00  -3.7098013e-03  -9.9177670e-01  -9.6905125e-01
   2.0000000e+00  -5.0362095e-01  -8.1368729e-01   9.1964405e-01   5.7314903e-01   8.0406296e-01  -3.5815010e-01   9.0840438e-01  -6.4701239e-01   1.0182974e+00  -1.0844841e-01
   2.0000000e+00   2.5053159e-01  -4.8302815e-01  -9.1286110e-01  -8.7027648e-01  -1.1318006e+00  -9.0241847e-01  -4.8064253e-02   1.2882837e+00  -2.4724457e-01   3.4585545e-01
   1.0000000e+00  -3.0104685e-01   1.8133718e-01  -4.7975438e-01   8.5712402e-01  -1.7492456e+00  -6.8750252e-02  -5.8470334e-01  -8.9814941e-01   2.0882547e-02  -5.0983967e-01
   2.0000000e+00   2.4182752e+00  -1.9495045e+00   1.2895728e+00   3.2784810e-01   7.9164412e-01   6.0059866e-01   1.0500579e+00   9.8927841e-01  -9.9693844e-01   5.4255362e-01
   2.0000000e+00  -7.6470931e-01  -1.2413505e+00   4.7018606e-01   9.0886165e-01  -4.9298773e-01   2.5547871e+00  -2.5229225e-01   1.0765925e-01   8.0449844e-02  -1.3320134e+00
   2.0000000e+00   5.8736497e-01  -1.4204925e+00   8.6971049e-01  -6.5658900e-01   1.1996209e+00   1.5528509e+00  -1.2532009e+00   6.8915574e-01   1.3855992e+00   4.2824731e-01
   2.0000000e+00  -2.0724203e-01  -4.5712369e-01   8.5693902e-01  -4.5260827e-01   2.6889614e-01  -1.0309774e+00  -1.4991002e+00   1.5213047e+00  -1.2875263e+00   8.0211240e-01
   2.0000000e+00  -1.0819671e+00   5.4841295e-02  -1.0695781e+00  -1.0404816e+00  -2.0983116e-01   1.1767292e+00   8.0773624e-01   4.0285479e-01   1.3987965e+00  -1.5328048e+00
   2.0000000e+00   4.5522624e-01  -6.0065392e-01  -9.6032754e-01   6.3796671e-02  -1.5366252e-01   7.6217037e-01  -3.2131031e-02  -1.7597237e+00  -9.6469556e-01  -7.1534249e-01
   1.0000000e+00   5.6610361e-01   3.3855712e-01  -1.1087142e+00   1.7004646e+00  -3.4987283e-01  -3.5959800e-01  -2.6924949e-01   6.9200399e-03  -9.1655793e-01   4.0024806e-01
   2.0000000e+00   6.4363040e-01  -9.4707062e-01  -3.4024333e-01  -1.5853435e+00  -4.3053223e-01  -1.6293800e-01   4.8703818e-01  -6.5739820e-01   8.7249417e-01   7.0093583e-01
   2.0000000e+00  -1.4461150e+00  -8.0254883e-01  -8.1002979e-02  -1.7014104e+00   6.6423742e-01   1.3388763e+00  -5.9023976e-01  -1.1830501e+00   1.7721381e+00  -1.4394960e+00
   1.0000000e+00   1.1926333e-01   6.9251370e-01  -5.2489483e-01   3.6487007e-01   6.2924764e-01  -1.9221023e+00  -1.6948636e+00   1.2379194e-01  -1.8218511e+00   7.8438946e-02
   2.0000000e+00   1.4411627e+00  -1.6499334e+00   5.4354176e-01   9.6331967e-01   4.9518708e-01   1.5136486e+00  -2.1201293e-02   2.4805646e+00   6.3549896e-01  -5.6459444e-02
   2.0000000e+00   1.2465917e+00   1.1666617e+00   1.6134705e+00  -6.0194993e-01   5.7876108e-01   4.7315504e-01  -1.1509555e+00  -1.1887721e+00   6.8369444e-01   2.8153687e-01
   1.0000000e+00   6.8545895e-01   3.0590699e-02  -1.6710493e+00  -6.9532723e-02   4.6236720e-01   7.0364627e-01  -2.1526804e-02  -1.2557349e+00   1.0782324e+00   3.6023742e-01
   2.0000000e+00   1.6032162e-01  -2.1032637e-01   7.5106083e-01  -9.0616044e-01   1.3979015e+00  -3.6494075e-01  -1.2291686e-01   1.1270437e+00  -4.2751513e-01   8.7935065e-01
   2.0000000e+00   1.4770150e+00  -1.3001938e-01   1.1389115e+00  -4.7025223e-01  -5.3605138e-02  -5.8895209e-01  -4.8903992e-01   1.8772622e-01   1.4508087e-01   6.0962672e-01
   2.0000000e+00   5.6405529e-01  -1.0809451e+00  -1.9943362e-02   8.7590221e-01   5.8490462e-01   2.2886088e+00   1.4124465e+00   1.9396822e-01  -9.6800472e-01  -1.0732964e+00
   2.0000000e+00   3.2731487e-03  -8.9524386e-01  -1.2743961e+00   7.7296653e-01  -2.0825620e+00   8.3283846e-01   6.1490868e-02  -9.5165327e-01   3.3082482e-02   9.7871441e-01
   2.0000000e+00   8.1989351e-01  -4.0130269e-01  -3.5191612e-01  -1.3016562e+00  -4.3751074e-02   1.5670991e+00  -1.1053197e+00  -1.2729467e+00  -2.6833305e-01   1.7877189e+00
   1.0000000e+00   1.9687200e-01   3.2104134e-01  -2.8278391e-02   2.1846082e-01   2.4617705e+00   2.3305056e-01   9.9902915e-01   1.3265568e+00  -1.1634960e+00   1.0140621e-01
   2.0000000e+00  -1.4209502e+00  -1.2149655e+00   1.4693186e+00   6.6110425e-01   3.2395510e-01   1.4672466e-01   7.5296422e-01   6.9711910e-01  -4.9559605e-02   6.4336562e-01
   2.0000000e+00  -1.8891794e+00  -6.7414397e-01  -6.5832670e-01   6.6998973e-01  -2.9248138e-01   3.5176080e-01  -5.3511196e-01   2.8708282e-02   5.4863942e-01   5.5492715e-01
   2.0000000e+00   1.1337892e+00  -3.9958700e+00  -3.2162998e-01   1.4795949e+00   1.4402228e+00   1.5790211e+00   1.4388693e+00   1.8019663e+00  -1.3161501e-01  -2.3823783e+00
   1.0000000e+00   1.4191709e-01   2.5665155e-01  -5.6199865e-01  -1.5324967e+00   4.8582318e-01  -1.3860233e+00  -4.1766607e-01   2.1937442e+00   3.5737798e-01  -5.0620303e-01
   2.0000000e+00   7.9295313e-01   1.1841735e+00   5.7091777e-01  -8.0027362e-01   1.3996258e+00  -1.4569417e+00  -2.0304732e+00  -1.2539984e+00   4.3338545e-01  -5.0176008e-03
   1.0000000e+00  -1.3755190e+00   6.7991439e-02  -1.0218754e+00   8.8296564e-01  -2.2073165e-01  -2.0082576e-01   2.1767623e+00   2.3145495e-01  -9.9847330e-01  -6.8377462e-01
   1.0000000e+00  -1.2176978e-01   7.3296721e-02  -8.9306843e-01   7.7173994e-01  -1.6568482e+00  -5.8189872e-01  -5.1502184e-01  -7.5621225e-01   1.1878859e-01   1.2832252e-01
   1.0000000e+00  -1.0544849e+00   2.1039103e-01   9.0489946e-01   1.2124218e+00  -1.9692884e+00   2.3952615e-01   1.4819459e+00  -5.8029635e-01   3.5648978e-02   1.2519095e-01
   2.0000000e+00  -1.2555714e+00  -1.1339096e+00  -4.3037172e-01   5.9075990e-02   1.4477617e+00   6.5001460e-01  -1.1630672e+00   1.1430182e-01  -3.7627912e-01   6.0828494e-01
   2.0000000e+00   2.6732131e+00   1.2552997e+00   8.5704679e-01  -5.4678059e-01   6.4950922e-01  -3.7634258e-01   5.9936041e-01   5.4820636e-01   1.1705586e+00   3.1107159e-01
   2.0000000e+00  -1.0463733e+00  -1.6186533e-01  -1.0294135e+00   4.1679584e-01   1.2186950e+00  -1.3848849e+00  -2.9240435e-01   1.7010054e-01  -3.1683579e-01  -1.2792540e+00
   2.0000000e+00  -6.0787219e-01   7.6010359e-01   9.1629676e-01  -1.0426230e+00  -1.1748872e+00  -1.0131947e-01  -9.9955182e-01   1.5315787e-01  -5.8678125e-01   9.3541630e-01
   2.0000000e+00  -3.4304819e-01   7.1246714e-01   2.3849047e+00   8.9057833e-01  -1.3211413e+00  -7.0958902e-01   9.7530426e-01  -2.0776146e-01  -2.0038951e-02  -1.1021955e-01
   2.0000000e+00  -1.7880329e-01  -1.9186280e-01  -9.0529425e-01   5.7900608e-01   1.2218012e+00   2.4899942e-01   7.3901439e-01   3.1993542e+00   5.9003185e-01  -1.5009680e+00
   2.0000000e+00   5.5207256e-01  -4.8494558e-01   8.8600758e-01   6.5819919e-01  -5.1243394e-01  -8.1858264e-01   2.5537209e-01   1.0067965e-01  -1.8436858e+00  -1.2772917e+00
   2.0000000e+00   3.3953075e-01   9.9066345e-01   1.1999668e+00   3.5321579e-01  -1.7604226e+00   1.5187914e+00  -4.9990746e-01  -1.3260902e+00   4.3926863e-01   9.1257631e-01
   2.0000000e+00  -6.0794605e-01  -2.5842915e-01  -5.2146032e-01   1.3307818e-01   2.1386235e-02   4.9021569e-01  -2.7897734e-01  -8.6858127e-01   7.2175337e-01   6.1580221e-01
   1.0000000e+00  -7.2009585e-01   2.2399214e-01  -4.1158737e-01   5.8446991e-01  -6.1377602e-01  -5.2044827e-01   2.5685381e+00   6.8997317e-01   1.7536768e+00   3.2032157e-01
   2.0000000e+00   9.9498958e-01   1.6753034e+00   4.5439730e-01   1.7404349e-01  -1.5795203e+00  -1.3055719e+00   2.4179605e-01  -7.6901354e-02   8.7581587e-01  -1.0616882e+00
   2.0000000e+00  -4.4876631e-01   1.8983604e+00   1.0963080e+00   5.1708292e-01   2.6426735e+00   2.0600792e-01  -2.8246362e-01  -5.7317054e-01   3.0430915e-02   5.6497956e-01
   2.0000000e+00   9.1983836e-02   5.9051167e-01   1.5383700e+00  -1.2007164e-01  -6.7852173e-01  -5.6128637e-01   2.8191687e-01  -5.6463037e-01  -3.3810118e-01   1.0791382e+00
   2.0000000e+00   1.4800965e+00   4.4838406e-01   1.4488281e+00   6.3240050e-01   2.7287987e+00   3.7939044e-01   5.4814202e-01  -3.6513489e-02   7.8332982e-01   1.1833312e+00
   2.0000000e+00  -7.8752860e-02  -6.9407521e-02  -1.0641846e+00   1.2010874e+00   5.2287073e-01   1.9289848e+00   2.6345829e+00  -4.9595774e-01  -1.3686520e-01  -1.0568728e+00
   2.0000000e+00   7.5070841e-01  -3.2924244e-01   1.2799724e+00  -2.2349856e-01   8.6133188e-01   9.3372436e-01   1.3590153e+00   1.6011995e-01  -1.4944482e-01  -3.1847578e-01
   2.0000000e+00  -1.4962708e+00   1.0503803e+00  -1.7834108e-01  -1.2762310e+00  -9.2904908e-02   1.5578766e+00   1.5558428e+00  -1.1584363e+00  -3.2265726e-01   1.5322470e-01
   2.0000000e+00  -2.4235349e-01  -1.8769711e-01   1.0834611e+00   1.1073394e+00  -6.6478451e-03  -8.5100751e-01   4.0265697e-01  -4.6396293e-01  -3.6490741e-01  -9.8777986e-02
   2.0000000e+00   1.2048428e+00   1.3946458e+00  -7.2273302e-01  -1.6287167e+00  -3.5648894e-01   6.3367331e-01  -5.4585050e-01  -8.9178767e-01   1.3601022e+00  -1.5463049e+00
   2.0000000e+00  -8.4024352e-01   5.7161270e-01  -4.4869095e-01   1.6377024e+00   2.3090365e-02  -2.5021759e-01   1.4369930e-01  -1.2495913e-01  -2.4912508e-01  -1.1134523e+00
   2.0000000e+00   8.2786597e-01   3.6221712e-01   1.8625303e-01   5.1658119e-01  -3.2520230e-01   5.0113624e-01  -8.9025049e-02  -3.1538493e-01   2.3287150e-01  -1.1902498e+00
   2.0000000e+00  -3.3820366e-03  -1.0253945e+00   2.0694773e+00  -2.0404177e-01   1.7334191e+00  -7.8896519e-01  -3.4024556e-01  -1.0050870e+00   1.6073186e+00  -4.6122584e-01
   2.0000000e+00   2.1486062e-01  -5.6925950e-01  -5.7750240e-01   3.0326037e-01  -9.5278769e-02  -1.1808900e+00   2.3757480e-01   1.6639563e-01  -9.2574472e-01   9.3799695e-03
   1.0000000e+00  -1.2102623e-01   4.4919386e-01  -1.7944562e-02  -8.4351559e-01  -9.0917425e-01  -1.3725329e+00   2.2586534e+00  -4.0514762e-01   1.5390318e-01   4.9806049e-01
   2.0000000e+00  -2.8211263e+00  -1.0009904e+00   4.4118260e-01   6.1987952e-01  -2.3444452e-01  -7.8335980e-01   4.8594339e-01   8.9994705e-01  -1.9806613e-01  -3.2059714e-01
   2.0000000e+00   1.4461289e+00  -3.6407080e-01  -1.1559745e+00   6.5028722e-01   3.0552449e-01  -1.7621443e+00   5.1635377e-01   8.1479665e-01  -1.0234295e+00   1.3412395e+00
   2.0000000e+00  -1.0016330e+00   1.0409981e+00  -1.8676080e-02   6.6587950e-02  -4.3979825e-01  -1.3450727e+00   1.0479045e+00  -5.3623090e-01  -7.1645898e-01  -1.4580405e+00
   2.0000000e+00  -1.5393484e-01  -7.2339432e-01  -5.2002902e-01  -8.6260674e-01  -7.9366428e-01   8.5051565e-01   2.4828592e-01   9.0048098e-01   1.9652357e+00  -3.3475230e-01
   2.0000000e+00   1.9288328e+00  -2.0899167e-01   4.4684004e-01  -1.7124171e-01  -7.6915046e-01   8.3231868e-01   1.1090010e+00  -9.3180090e-01   2.3492623e+00   4.1235376e-01
   2.0000000e+00  -3.4952545e-01  -1.3530894e+00   8.5499686e-01  -6.4348377e-01   5.6034513e-01  -1.0854846e-01   4.2131607e-01  -3.8121210e-01  -1.9768787e+00   1.0639288e+00
   2.0000000e+00  -6.5681858e-02  -1.7377504e-01  -1.9155053e+00   1.5050910e-01   2.8018981e-01  -1.3182325e+00   2.7136766e-01   6.3056829e-01  -4.6718534e-01  -1.6905088e+00
   2.0000000e+00  -3.6870168e-01  -5.4465019e-01   1.6292854e+00  -1.7918376e-01  -1.2837327e+00   2.5346159e+00   2.7815755e-01  -1.2057470e+00  -1.1867154e+00   1.1418535e+00
   1.0000000e+00   1.4789116e-01   1.4702282e-01  -1.7456469e-01   2.3359617e-01   1.4782217e+00  -1.0359002e+00  -1.7984299e-01   3.6589760e-01  -3.4482371e-01   7.4083887e-02
   2.0000000e+00  -3.8622279e-02  -5.9110722e-01  -5.5215686e-01   2.3337854e+00   7.7827413e-01   1.5625520e-01   1.3229277e-02  -9.5943022e-01   6.7449047e-01   1.6098891e+00
   2.0000000e+00   1.4139652e+00  -9.5393642e-01  -4.6569413e-01  -9.4087553e-01  -1.3085405e+00   7.7080932e-01   8.5608001e-01   1.0589152e-01  -1.6062833e+00   5.8179060e-01
   2.0000000e+00   1.4440086e+00  -1.6661591e+00  -5.0880356e-01   7.4533992e-01   1.1709191e+00  -1.1428429e+00  -4.9756904e-01  -1.2056072e+00   1.7599015e-01   1.1971910e+00
   2.0000000e+00   9.6873271e-01   1.8200153e+00   5.8342442e-01  -5.8284690e-01   9.1308411e-01  -2.0493864e+00   3.6269138e-02  -1.3481694e+00  -8.6643118e-01   6.4553451e-01
   2.0000000e+00  -1.6852822e+00  -1.1542271e+00  -1.7027053e-02  -1.6759245e+00  -8.8385251e-01  -3.5998191e-01   3.4831710e-01   6.7014094e-01  -1.0773654e+00   1.2879196e+00
   2.0000000e+00  -2.2063882e-01   5.0168157e-01   6.8682403e-01  -3.5121858e-01   5.3804954e-01   2.4453468e-01   1.5763053e+00   6.4553171e-01  -9.3242998e-01  -8.8485939e-01
   2.0000000e+00   8.6666125e-01   1.3739762e+00  -1.1560133e+00  -8.4498884e-01   3.1873289e-01  -3.8786477e-01  -1.1240895e-01   6.2091824e-01   1.2292274e+00   6.3630735e-01
   2.0000000e+00   5.4244182e-01  -3.7037405e-01  -3.7993436e-01   8.8675621e-02  -1.9174630e-01  -9.6682726e-01  -3.8056230e-01  -1.0806736e-01   1.0561022e+00  -1.6828470e+00
   1.0000000e+00   9.5219536e-01   2.2622196e-01   6.8762549e-01  -1.1193012e-01   3.3963474e-01   6.3378885e-01  -8.2953690e-01  -1.6917442e+00   1.8512247e+00   3.7465148e-01
   2.0000000e+00  -7.2668543e-01  -1.2562062e+00  -3.2385664e-01   1.2587687e+00   5.7738561e-01  -7.8965848e-01   1.1209638e+00   2.6604717e-01   1.9362451e-01   1.9320572e+00
   1.0000000e+00  -2.8422589e-01   1.7989482e-01   2.5186065e-01  -6.8801868e-01   8.1644231e-01  -5.5875425e-01   6.1366321e-02   7.5914853e-01  -2.9728305e-01  -7.2352383e-01
   2.0000000e+00   7.2753018e-02  -3.5561147e-01  -5.0937459e-02  -9.8674978e-02   9.0037970e-01  -3.6285103e-01  -1.3384619e+00  -7.3170836e-01   1.8183454e+00   6.9355730e-01
   1.0000000e+00  -9.4064818e-01   4.5511750e-02   2.3248928e-02  -8.3556950e-01   2.9052727e+00   3.4117299e-01  -3.9398756e-01  -5.8736242e-01  -7.4542139e-02  -6.4749152e-01
   2.0000000e+00  -1.4717677e-01  -6.5632331e-01   5.9685202e-01   5.4155868e-01  -1.2085782e+00   4.9969754e-01  -3.0483956e-01  -3.3456922e-01  -2.1346931e+00  -5.3817728e-01
   2.0000000e+00  -7.3642345e-02   1.6751884e+00   1.1759975e+00   2.1213176e+00   2.3829533e-01   4.5995212e-01  -8.3153627e-01   1.2262547e+00  -6.9450463e-01  -1.1746457e+00
   2.0000000e+00  -1.0138294e+00   9.0657776e-01  -1.0372929e+00   9.5840201e-01   7.6053830e-01   1.1780055e+00   3.2756500e-02   1.9932009e+00   7.6130450e-01   4.2405854e-01
   2.0000000e+00   6.2963750e-01  -1.2027991e+00  -6.7270606e-01   3.4073787e-01   7.9532260e-01  -3.5184747e-01  -4.8334060e-01  -5.1669330e-03  -1.0166570e-01   1.2139455e+00
   2.0000000e+00  -4.2965973e-01  -9.8967503e-01  -7.8351901e-01   1.3226045e+00  -1.8852206e-02   8.3835751e-01   5.9347477e-01  -2.1495610e+00  -1.3691145e+00  -4.9487043e-01
   2.0000000e+00   7.1380825e-01  -1.1272244e+00  -3.6289197e-01  -5.9710311e-02   8.3640223e-01   2.1324439e-01   3.2943675e-01  -1.5257904e+00  -9.2291373e-01   5.9063973e-01
   2.0000000e+00  -1.6674723e-01  -9.7030612e-01   2.0696326e-01   1.3423507e-01   5.5483087e-01   1.1063274e+00  -1.7783212e-01   5.8599004e-03   3.8425917e-01   1.5157612e+00
   2.0000000e+00   1.9364207e+00  -1.1925157e+00   1.4784259e+00   2.8264598e-01  -3.2711435e-01  -5.3233225e-01  -1.3656563e+00   1.3485407e-01   2.4675057e-01  -2.7187019e-01
   2.0000000e+00  -6.9683102e-01  -2.6009394e-01  -5.6547417e-01  -1.9544559e-01  -3.5584956e-01   7.2612300e-01  -2.8584899e-01  -3.6495652e-01   9.0473152e-01   1.8965047e+00
   2.0000000e+00   1.9922756e+00  -6.3810803e-01   2.3561827e+00   1.3352145e+00   3.2075269e-01   2.9719067e-03   4.0300011e-01   3.9488514e-01  -7.3673919e-01   2.8796301e+00
   2.0000000e+00   2.0923668e-01  -6.7793109e-02  -2.1272606e-01   1.6539194e+00   1.1899779e+00  -1.4431931e+00  -1.5010403e+00  -7.9706024e-02  -1.5547283e+00  -1.1366857e-01
   1.0000000e+00  -7.2756037e-01   1.7868739e-01   1.0575166e-01   3.6711221e-01   4.3096443e-01   1.0529810e-01  -4.7250728e-01   8.4642286e-01  -9.5471136e-01   4.0686947e-01
   2.0000000e+00  -1.1364374e+00   9.2576667e-01  -1.5588574e+00   7.5943428e-01  -5.9413995e-01   1.9096028e+00   1.5777235e+00   9.5907687e-01   2.7323266e-01   1.1536345e+00
   2.0000000e+00   8.9296956e-01   1.3432621e-01   7.8434625e-02  -9.7721049e-01  -9.1512567e-01  -1.9784608e+00   4.4626741e-01   8.6526302e-01   1.5916848e-01   2.0282757e+00
   2.0000000e+00   7.7855968e-02  -8.0856383e-02   6.2803165e-01   1.4695546e+00  -3.5245871e-01   3.3164790e-01  -9.6724060e-01   2.3106115e+00  -8.7980496e-01   1.9799333e-01
   2.0000000e+00   6.1743567e-01  -4.5454442e-01   1.4711481e-02  -1.8183565e-01   1.6326238e+00   1.0144114e+00  -3.2616200e-01  -1.0246339e+00   8.2770440e-01   1.8047139e-01
   2.0000000e+00  -1.9474471e+00   2.3711221e-01  -2.4735513e+00   3.5757345e-01  -7.4690616e-01   1.2400497e+00   4.1364904e-01  -1.0290483e+00   7.9389058e-01  -7.1121624e-01
   2.0000000e+00  -2.2046497e-01  -1.1889925e+00  -3.6485298e-01   1.0955192e+00  -1.3341941e+00   5.8225795e-01  -1.2672041e+00   6.2420157e-01  -8.7392831e-01  -1.8255488e-01
   1.0000000e+00  -1.5102001e+00   2.5581444e-01   8.8939208e-01  -7.1185280e-02  -3.2588693e-01   8.5973469e-01   5.4858457e-01  -2.4411780e+00   1.0180553e-01   7.2637830e-01
   2.0000000e+00   9.5066261e-01   2.3879980e+00   1.0708895e+00   2.9671317e-01   6.7852986e-01   1.8333755e+00  -1.9703734e-01  -1.4300832e+00   2.5640626e-01   4.0261687e-01
   1.0000000e+00  -4.2658864e-01   2.0679544e-01   1.2419300e-02   8.1119619e-01   1.1687647e-01  -1.5740696e+00   3.4311113e-01  -1.6758685e+00  -5.8509065e-01   7.1329498e-01
   2.0000000e+00  -4.7869886e-01  -1.7373922e+00   2.1306210e-01  -5.4159498e-02  -1.4271457e+00   5.6414777e-01  -1.0690461e-01  -1.1669887e+00   1.7910952e+00   2.2627445e+00
   1.0000000e+00  -1.0491136e+00   5.7304107e-01   1.1692132e-01   3.1430775e-02   6.4903345e-02  -1.5527096e+00  -1.0392010e+00  -8.0109975e-01  -6.4675938e-01   1.6395091e-01
   2.0000000e+00   1.1601343e-01  -6.2977029e-01  -1.7005316e+00  -7.5288607e-01  -7.7882625e-01  -9.6450272e-02   3.0120740e-01   3.2799961e-01  -1.5957890e+00  -5.6108120e-01
   2.0000000e+00   3.3450956e-01   4.9592384e-01   1.6823370e+00   1.5509847e+00   1.9082221e+00   5.1600542e-02  -6.8555498e-01  -9.8837368e-01  -1.6888650e+00   1.4474393e+00
   2.0000000e+00   5.6114809e-01   9.3262925e-01   6.5767866e-01   1.5327428e+00   1.1403176e+00   1.6590008e-01  -1.4467562e+00   4.3918832e-02  -5.9329756e-01  -1.8920965e+00
   2.0000000e+00  -7.3713434e-01  -2.3953184e-01   2.5864705e+00   2.8497502e-01   4.0266727e-01  -1.6040378e-02   6.2940088e-01   1.1167985e+00  -1.1021637e+00  -1.7975333e+00
   2.0000000e+00   7.3177802e-02  -5.2256531e-01   1.4780567e-01   7.2878210e-01  -2.0297112e-01  -1.0390973e+00   1.3249195e+00   1.0550560e+00   1.3032958e+00  -9.2956566e-01
   2.0000000e+00  -2.1105154e+00  -1.1776755e+00  -1.4165285e-01   2.8621704e-01  -1.1294936e-01  -2.0615399e-01  -9.3356464e-02  -3.7314031e-01  -1.5744065e-01  -1.7468407e+00
   2.0000000e+00  -9.6230664e-02  -1.1523325e+00  -7.9330682e-01  -7.3984081e-01   2.4732900e-01  -8.0757741e-01   1.9560095e-01  -6.4775762e-01   1.1654174e+00  -1.0821731e+00
   2.0000000e+00   9.1677070e-01  -1.1612333e+00   7.8700218e-01   1.0017954e+00   1.4296858e+00  -3.8685870e-01  -1.3230820e+00  -1.6389807e-01   4.6239724e-01   1.8247027e+00
   1.0000000e+00   3.6970429e-01   7.1109496e-01  -7.8542653e-02  -7.3011694e-01   5.0690464e-01  -1.3566287e+00  -7.3559999e-01  -1.7181304e-01   1.1426237e-01  -3.5578971e-01
   2.0000000e+00  -1.2139426e+00  -1.0273080e+00   4.6308080e-05   4.9688575e-01   1.3661573e+00  -5.3278781e-02   3.7360579e-01  -2.0812776e+00  -3.2956791e-01  -1.2471824e+00
   2.0000000e+00   5.6254853e-01  -5.3650989e-01  -5.4497710e-01  -9.8192772e-01   2.5051234e-01  -5.9571712e-01   2.8123995e-02   2.5332741e+00  -8.6028626e-01   2.0827725e-02
   2.0000000e+00   9.1284082e-01  -1.7014633e+00   3.0662829e-01   3.4967611e-01  -1.0839368e-01   3.8375688e-01  -3.0541515e-01  -7.3518764e-01   1.0190981e+00   1.3697687e+00
   2.0000000e+00   1.4884878e+00  -2.7569843e-01   1.2466639e+00   1.4709824e-02  -6.6611684e-01  -1.2767147e+00   5.3594773e-01  -2.4345097e-01  -2.2838164e+00  -7.8977972e-01
   2.0000000e+00   1.5780848e+00  -2.7420555e-01  -1.3466487e+00  -2.4041088e-02   7.6549718e-01   7.2053376e-01  -1.4146071e-01   1.8568414e+00  -1.3220822e-01  -1.2132902e+00
   2.0000000e+00   7.0442414e-01  -7.2674251e-02  -3.9322370e-01  -2.1507825e-01  -5.9078991e-01  -1.1036437e+00  -1.3933338e+00   3.0399420e+00   8.4531383e-01  -5.5452650e-01
   2.0000000e+00   8.8183558e-01  -1.5371850e+00   2.4462577e+00   5.7987118e-02  -2.7584374e-01  -4.3884394e-01   7.8031254e-01  -1.3862098e+00  -1.2403780e+00   4.3880800e-01
   2.0000000e+00  -5.2453811e-01   1.5056911e+00   1.3390675e+00  -1.1561850e+00  -3.0292338e-01  -6.4959215e-01   1.6018585e-01   1.6441012e+00   1.2618127e+00  -2.9422543e-01
   1.0000000e+00  -9.1816923e-01   1.9773194e-01  -1.3331004e-01   9.3477270e-01  -3.4678110e-01  -1.7941324e-01   1.4153996e+00  -1.4556023e+00  -9.1321953e-02   5.4721962e-02
   2.0000000e+00   4.1280081e-01  -1.1698159e+00   7.8402854e-02   1.8333512e-01  -1.1280319e+00  -2.3877320e-01   9.4093831e-01   9.1083135e-01  -9.8922492e-01   6.7909717e-01
   2.0000000e+00  -1.1261903e+00  -1.8420104e+00   1.1385870e+00  -1.1087312e+00  -1.5925941e+00   1.1545508e+00   3.7297664e-01   9.4668972e-01  -1.9183652e-01  -1.1491933e+00
   2.0000000e+00   2.0204409e-01   1.9488882e+00   1.4063522e+00   7.4592629e-01  -1.4994565e-01  -7.7763780e-01   9.1980495e-01  -1.6476383e+00   1.1992979e-01   3.0260705e-01
   2.0000000e+00  -1.7729666e-01   9.1690950e-01   1.5917925e-01  -1.8250076e+00   2.8190318e-01  -8.1038836e-01   8.1692435e-02  -1.8697889e-01  -1.5557956e+00  -1.7202621e+00
   2.0000000e+00  -3.4875516e-01   1.6134449e+00  -5.1677942e-04  -1.3769453e+00  -1.9734194e+00   5.1152168e-01  -8.6292900e-01   1.1143931e+00  -1.4949324e-01   1.6761734e+00
   2.0000000e+00   1.6327944e+00  -6.5320448e-01  -3.1624704e-01  -1.0575765e+00  -8.1426574e-01   7.8664615e-01   1.1884331e+00   7.3178653e-01  -6.9596218e-01  -8.8072679e-01
   2.0000000e+00  -1.2766333e-01   1.5457593e+00  -1.3697377e-01   2.1157150e-01  -1.3148241e-01   2.9718351e-02  -1.6697330e+00  -3.9283387e-01  -3.8428424e-01   7.9083436e-01
   2.0000000e+00   3.6322137e-01  -1.5282257e+00  -6.0034313e-01  -2.3927988e-01  -2.1092037e-01  -1.1646687e+00  -6.0184896e-01   1.2445300e+00   7.7887491e-01  -1.1408101e+00
   2.0000000e+00   1.4728249e+00  -9.3210285e-01   9.8996641e-01   6.2617290e-01   6.7025152e-01  -7.3412726e-02  -2.3415939e+00   1.3068746e+00   3.1487343e-01   7.7343405e-01
   2.0000000e+00  -4.1347174e-01  -7.9014671e-01  -1.1867116e+00  -1.7251700e-01   3.5872368e-01   1.0988359e+00   3.6223306e-01   2.1400032e-01   2.3494393e-01   7.3369337e-02
   2.0000000e+00   2.5481224e-01  -1.5010753e+00  -1.3524484e-01  -1.2277225e+00  -2.0601083e+00  -2.5556434e+00  -5.5554817e-01   6.7761565e-01   2.7894206e-01  -1.8174165e-01
   2.0000000e+00  -1.5778900e+00   1.1574004e+00  -2.7844154e-01   6.6560777e-01   6.3538803e-01  -1.3584937e+00  -2.1577757e-01  -1.0985698e+00   6.3414487e-01  -1.0727053e+00
   2.0000000e+00  -7.8824924e-01   1.0712251e+00   1.0579878e+00   7.9760278e-02   1.5797292e-01  -9.0942879e-01   1.8683997e-01  -9.9964625e-01   2.4108126e-01  -7.9841637e-01
